 /¯¯¯¯¯¯¯¯¯¯¯¯¯¯¯¯¯¯¯¯¯¯¯¯¯¯¯¯¯¯¯¯¯¯¯¯¯¯¯¯¯¯¯¯¯¯¯¯¯¯¯¯¯¯¯¯¯¯¯¯¯¯¯¯¯¯¯¯¯¯¯¯¯¯¯¯\
|                      INTRODUCTION TO COMPUTER GRAPHICS:                      |
|                                    PROJECT                                   |
 \____________________________________________________________________________/

________________________________________________________________________________
PART 1: TERRAIN GENERATION
¯¯¯¯¯¯¯¯¯¯¯¯¯¯¯¯¯¯¯¯¯¯¯¯¯¯¯¯¯¯¯¯¯¯¯¯¯¯¯¯¯¯¯¯¯¯¯¯¯¯¯¯¯¯¯¯¯¯¯¯¯¯¯¯¯¯¯¯¯¯¯¯¯¯¯¯¯¯¯
  1. Height map Generation

    Perlin Noise permutation array:
    int permutation[] = {171, 131, 182, 5, 239, 54, 114, 208, 130, 149, 209, 25, 161, 147, 251, 175, 22, 147, 127, 237, 200, 176, 166, 113, 11, 45, 132, 134, 216, 75, 99, 148, 67, 96, 46, 168, 15, 58, 232, 130, 87, 39, 128, 235, 75, 44, 234, 148, 71, 190, 25, 109, 242, 122, 70, 53, 185, 122, 170, 150, 201, 173, 249, 65, 65, 124, 88, 14, 34, 222, 29, 84, 216, 208, 201, 22, 67, 70, 72, 24, 190, 160, 151, 101, 16, 169, 60, 14, 219, 69, 48, 185, 243, 202, 89, 234, 72, 228, 44, 244, 114, 174, 102, 85, 152, 65, 247, 5, 254, 184, 206, 217, 122, 81, 91, 148, 111, 151, 177, 161, 24, 95, 217, 147, 219, 157, 205, 141, 49, 7, 243, 83, 89, 45, 22, 136, 208, 63, 171, 107, 217, 103, 153, 58, 10, 200, 76, 5, 36, 76, 134, 222, 213, 188, 132, 179, 53, 194, 216, 248, 84, 167, 212, 98, 227, 4, 1, 142, 64, 45, 239, 212, 24, 196, 53, 99, 233, 138, 157, 32, 69, 125, 232, 143, 163, 165, 142, 128, 59, 176, 147, 65, 55, 11, 79, 101, 1, 243, 183, 28, 133, 1, 213, 142, 188, 26, 106, 126, 99, 242, 171, 3, 88, 14, 203, 4, 200, 209, 133, 60, 98, 100, 191, 56, 10, 216, 11, 189, 135, 104, 86, 174, 214, 163, 70, 20, 133, 148, 185, 219, 55, 12, 98, 40, 176, 40, 161, 122, 129, 52, 86, 85, 33, 17, 173, 62}

  2. Displaying the Terrain

    ...

  3. Advanced

    ...

  WORK TIMES [%]
    rehan :
    robin :
    chris :
